1 0 0 0.000
2 0.001117650642 -0.0004169193924 -0.0005046286134
3 0.003188183032 -0.001577433764 -0.001834117624
4 0.005401326473 -0.00342358688 -0.002859804325
5 0.007868392172 -0.005372539486 -0.003495425135
6 0.009965329029 -0.007172915935 -0.00393294436
7 0.01165212528 -0.008884265463 -0.004049754372
8 0.01302971259 -0.01067511448 -0.0039206439
9 0.01465308932 -0.01186356286 -0.004202086593
10 0.01607971695 -0.01321336188 -0.004051560374
11 0.0176544103 -0.01426831611 -0.00416958219
12 0.01924932702 -0.01526432225 -0.004215812387
13 0.02081061262 -0.01637900819 -0.004316083495
14 0.02327299574 -0.01685322508 -0.00413638345
15 0.02755878375 -0.01859482477 -0.003902281411
16 0.03342936614 -0.02102132035 -0.003502199582
17 0.03959448641 -0.02362233202 -0.003288588605
18 0.04601671369 -0.02667502154 -0.003269199302
19 0.0535636417 -0.0290386518 -0.003246157837
20 0.0621373535 -0.03016270158 -0.003076653093
21 0.06942030417 -0.02984767967 -0.003179071827
22 0.08003175326 -0.02875373537 -0.002739725724
23 0.09107993922 -0.02519452433 -0.001867660233
24 0.1033387056 -0.02030773907 -0.0007823832066
25 0.1107806628 -0.009062309053 0.001515281376
26 0.1140232432 0.0050020613 0.004450623334
27 0.1154720532 0.01938217343 0.007617946214
28 0.1115027436 0.03489688247 0.01120508394
29 0.1077116671 0.04885256226 0.01481229547
30 0.1014132498 0.06214035286 0.01862506608
31 0.0935244974 0.07417118157 0.0225566001
32 0.08540431378 0.08513202608 0.02670037839
33 0.07601505409 0.09495364962 0.03099600916
34 0.06474583384 0.1034636734 0.03479391804
35 0.05448290247 0.1119197006 0.03758465637
36 0.04244025812 0.1209780446 0.03972880486
37 0.0306177234 0.1296780171 0.04099790706
38 0.01980045726 0.1374056799 0.0423340991
39 0.007424601738 0.1452594371 0.04342997815
40 -0.006543365493 0.1524877106 0.04457582562
41 -0.02188866899 0.1586017055 0.04558965245
42 -0.03857746727 0.1643828684 0.04656183472
43 -0.05494180883 0.1679136273 0.0473448622
44 -0.07245097629 0.1723273383 0.04736984184
45 -0.09732054263 0.1771054476 0.05024407723
46 -0.1162807164 0.1826026551 0.05000625077
47 -0.1437262995 0.1874022352 0.05227315167
48 -0.1775890218 0.1925232175 0.05451726356
49 -0.2118089916 0.1925029273 0.05740347962
50 -0.2574692385 0.1914421225 0.06056321465
51 -0.297136443 0.1764296161 0.06494229162
52 -0.3057973203 0.1372712869 0.0605473887
53 -0.3026734169 0.08623285347 0.0563342407
54 -0.2885123273 0.04010829924 0.05241708898
55 -0.2771963456 0.01048562519 0.04947591339
56 -0.2542613593 -0.03634519607 0.04646547556
57 -0.243428054 -0.05830021725 0.04481292571
58 -0.2251214794 -0.08987341679 0.0431979457
59 -0.2092988546 -0.1211993838 0.04531582286
60 -0.1949181533 -0.1402926786 0.04291083697
61 -0.1779080114 -0.1680885197 0.04479331321
62 -0.1643610477 -0.1868021324 0.04302290855
63 -0.1477065876 -0.2144838427 0.04434098618
64 -0.1344768502 -0.2336417706 0.04549187056
65 -0.1160302385 -0.2629048609 0.04805208651
66 -0.0962962477 -0.2900611436 0.04890387434
67 -0.07582970846 -0.3219655565 0.05189991887
68 -0.05178073895 -0.3653631562 0.05642443678
69 -0.0237010554 -0.4131946878 0.0607728562
70 0.01052408387 -0.4644657714 0.06574637948
