1 0 0 0.0001
2 0 0 0.0001
3 0 0 0.0001
4 0 0 0.0001
5 0 0 0.0001
6 0 0 0.0001
7 0 0 0.0001
8 0 0 0.0001
9 0 0 0.0001
10 0 0 0.0001
11 0 0 0.0001
12 0 0 0.0001
13 0 0 0.0001
14 0 0 0.0001
15 0 0 0.0001
16 0 0 0.0001
17 0 0 0.0001
18 0 0 0.0001
19 0 0 0.0001
20 0 0 0.0001
21 0 0 0.0001
22 0 0 0.0001
23 -0.0001019622878 0.000101996648 9.374032236e-05
24 -0.0003329634401 0.0003370725986 0.0003322920697
25 -0.000860286514 0.0007387528501 0.0004689923882
26 -0.001064978356 0.001284505739 0.0007602951363
27 -0.002409498351 0.002276849158 0.0009738515241
28 -0.002633702994 0.004404137156 0.002041651774
29 -0.002461062254 0.008544015419 0.003932732626
30 -0.00180537455 0.01223024871 0.005601921345
31 -0.001891156309 0.01567760131 0.007027060767
32 -0.000558235572 0.01792445769 0.007963425392
33 0.0003014377936 0.01975911973 0.008643072002
34 0.001109178648 0.02117390467 0.009108758232
35 0.002856134509 0.02172137722 0.00851393275
36 0.006445787537 0.02294987961 0.008438522291
37 0.01199417439 0.02437342104 0.007088992921
38 0.01625309761 0.02574125149 0.005467852479
39 0.0245270552 0.02933883056 -0.002546979912
40 0.030190321 0.03021870642 -0.007608797179
41 0.03420174542 0.03024979431 -0.01096078704
42 0.03809424606 0.03174707043 -0.01507368831
43 0.04322905633 0.03125600734 -0.02028132711
44 0.0476290311 0.03259625476 -0.0263542348
45 0.0484756762 0.03186696413 -0.02308273283
46 0.04976628973 0.03132319113 -0.02323013849
47 0.05198563844 0.03009266185 -0.02390929339
48 0.05453391154 0.02940738728 -0.02509126809
49 0.05707203799 0.02798416732 -0.02605930328
50 0.06030396041 0.02680012703 -0.02810898143
51 0.06359996222 0.02485710964 -0.02978642834
52 0.06681840933 0.02258108519 -0.03121823976
53 0.06997650132 0.01986461616 -0.03226003137
54 0.07332788684 0.01721227026 -0.03332423936
55 0.07631087453 0.01473177611 -0.03440287647
56 0.08100909566 0.01120815548 -0.03613424787
57 0.08204362541 0.009887449579 -0.0361971792
58 0.08684450576 0.005680861716 -0.03783928154
59 0.08808472949 0.004795220148 -0.03795384543
60 0.09061324756 0.001410186407 -0.03810772294
61 0.09260987996 -0.001515682218 -0.03808684351
62 0.09773516774 -0.005755771035 -0.03955860523
63 0.09901445776 -0.006608349581 -0.04043767766
64 0.1009529427 -0.009238817336 -0.04133161029
65 0.1016930549 -0.01225571162 -0.03971509806
