1 0 0 0.000
2 0 0 0.000
3 -0.0001103215608 0.001037199456 0.0001258979998
4 -0.000452782225 0.003055750949 0.0001169491854
5 -0.0007168826928 0.005306192216 0.0001001197801
6 -0.001168848294 0.007615044715 9.630124809e-05
7 -0.00173884204 0.009860366264 0.0001167750363
8 -0.002059600574 0.01188256041 0.0001112732423
9 -0.002770848758 0.01389312402 0.0001204947419
10 -0.003576803878 0.01577730676 0.0001164036213
11 -0.00415541357 0.01758298671 0.0001399937927
12 -0.004442020313 0.01906966524 0.0001656978118
13 -0.006250799743 0.02134443637 -0.000290931387
14 -0.006681197848 0.02283570775 1.153085476e-05
15 -0.006709261405 0.02382994682 5.729688894e-05
16 -0.006767391105 0.02491284513 8.593893805e-05
17 -0.006931748976 0.02598663502 9.962259816e-05
18 -0.00727396657 0.02753621997 -0.0006013888265
19 -0.007210562232 0.02804510368 -0.0003348215039
20 -0.006762486963 0.02830475229 -0.0001404493177
21 -0.005389106748 0.03040241796 6.997009357e-05
22 -0.004728954002 0.03031875546 -0.0001665374151
23 -0.004241675971 0.03013329842 -1.052648011e-05
24 -0.003324754132 0.02969355831 -0.0006688246503
25 -0.003130077608 0.02965712849 -0.0004065483977
26 -0.002851703667 0.02947434879 -0.0002164489719
27 -0.002763310768 0.02943554717 -7.066434342e-05
28 -0.002763310768 0.02943554717 -7.066434342e-05
29 -0.002763310768 0.02943554717 -7.066434342e-05
30 -0.002763310768 0.02943554717 -7.066434342e-05
31 -0.002763310768 0.02943554717 -7.066434342e-05
32 -0.002990002709 0.02963632074 2.375225501e-06
33 -0.003558827503 0.03013279985 1.032193337e-05
34 -0.003991570178 0.03025452539 0.0001028677822
35 -0.00529836833 0.03118733456 1.929554927e-05
36 -0.01287234246 0.03435911433 -0.001375773191
37 -0.01877312367 0.03002200801 -0.001197317953
38 -0.01558903572 0.01644539439 -0.001238778347
39 -0.0134775808 0.005551624713 -0.0006033665144
40 -0.01087823862 -0.004132886353 -0.0005257094533
41 -0.00701894227 -0.0122064047 -0.0001369027976
42 -0.003280655299 -0.01804644645 7.253042533e-06
43 -0.0004963233292 -0.02204620635 6.597066522e-05
44 0.002221881712 -0.02535896073 0.0002159086276
45 0.004318873626 -0.027163451 0.0001447607829
46 0.006320576264 -0.02875211361 8.282449922e-05
47 0.007950016254 -0.02994163488 0.0001011368525
48 0.00879943175 -0.03101230889 0.0004625282808
49 0.009558568503 -0.03144450996 8.711616044e-05
50 0.01008978665 -0.03183820793 0.0001922739625
51 0.0105852924 -0.03218750833 0.0002179751022
52 0.01105424346 -0.03246037278 0.0002555422542
53 0.01153462579 -0.03263542173 0.0002908102138
54 0.01192187357 -0.03285394617 0.0002331239482
55 0.01219162955 -0.03302027888 0.000185555375
56 0.01249203533 -0.03317923634 0.0002026835592
57 0.01274473514 -0.03331215635 0.0002050192646
58 0.01294083603 -0.03340578731 0.0002189401691
59 0.01309078991 -0.03347319505 0.0001631728064
60 0.01320703641 -0.03353139982 0.0001774221436
61 0.0132793935 -0.03356218067 0.0001433644262
62 0.013327644 -0.03358160749 0.0001244222014
63 0.013327644 -0.03358160749 0.0001244222014
64 0.013327644 -0.03358160749 0.0001244222014
65 0.01349315827 -0.03368643435 0.0001432328216
66 0.01350248912 -0.03369003091 0.0001432328216
67 0.01350248912 -0.03369003091 0.0001432328216
68 0.01174226632 -0.03188953304 0.0002138256468
69 0.008142713657 -0.0283235523 0.0001003766222
70 0.004854721233 -0.02431308119 0.0001816231239
71 0.0008921041239 -0.02099669799 0.0001964701356
72 -0.002443541286 -0.01626803514 0.0001954244141
73 -0.005786612385 -0.01120981352 0.0001089381284
74 -0.007969572954 -0.004820781546 0.000108085841
75 -0.009988378646 -0.0001012532731 9.947338384e-05
76 -0.0112872659 0.003577819274 4.457682026e-05
77 -0.01199212595 0.006561780923 8.309654375e-05
