1 0 0 0.0001
2 0 0 0.0001
3 0 0 0.0001
4 0 0 0.0001
5 0 0 0.0001
6 0 0 0.0001
7 0 0 0.0001
8 0 0 0.0001
9 0 0 0.0001
10 0 0 0.0001
11 0 0 0.0001
12 0 0 0.0001
13 0 0 0.0001
14 0 0 0.0001
15 0 0 0.0001
16 0 0 0.0001
17 0 0 0.0001
18 0 0 0.0001
19 0 0 0.0001
20 0 0 0.0001
21 0 0 0.0001
22 0 0 0.0001
23 -0.0001019622878 0.000101996648 9.374032236e-05
24 -0.0003329634401 0.0003370725986 0.0003322920697
25 -0.000860286514 0.0007387528501 0.0004689923882
26 -0.001064978356 0.001284505739 0.0007602951363
27 -0.002409498351 0.002276849158 0.0009738515241
28 -0.002633702994 0.004404137156 0.002041651774
29 -0.002461062254 0.008544015419 0.003932732626
30 -0.00180537455 0.01223024871 0.005601921345
31 -0.001891156309 0.01567760131 0.007027060767
32 -0.000558235572 0.01792445769 0.007963425392
33 0.0003014377936 0.01975911973 0.008643072002
34 0.001109178648 0.02117390467 0.009108758232
35 0.002856134509 0.02172137722 0.00851393275
36 0.003155268847 0.021663778 0.008644426996
37 0.003155268847 0.021663778 0.008644426996
38 0.003155268847 0.021663778 0.008644426996
39 0.002235659172 0.02218294765 0.008879499595
40 0.0003863342736 0.02334232276 0.009253053355
41 -0.0005742983811 0.02384262315 0.009490715722
42 -0.001940220165 0.02461767146 0.009720775439
43 -0.002942322172 0.02520978963 0.009960546845
44 -0.003906267929 0.02571536947 0.01013156808
45 -0.00474998903 0.02610875082 0.01046949238
46 -0.005992079442 0.02685142132 0.01075005451
47 -0.007028749679 0.02742815794 0.01101854638
48 -0.008182962655 0.02804215618 0.01126143451
49 -0.009297350836 0.02856289635 0.01153540195
50 -0.01067034201 0.02923634897 0.01184227683
51 -0.01140917482 0.02929035583 0.01222828072
52 -0.0153323334 0.03160915658 0.0130410187
53 -0.01938201827 0.03203844021 0.0146144072
54 -0.02878417715 0.03213730921 0.01719664496
55 -0.04754824151 0.03394831317 0.02194366602
56 -0.04785792733 0.02123423083 0.01957212541
57 -0.0437142629 0.003161598606 0.01502905871
58 -0.04016700463 -0.01253877934 0.01104943757
59 -0.03507934856 -0.02659830488 0.007420288553
60 -0.02748856473 -0.03679813753 0.004546678172
61 -0.02227379269 -0.04379168715 0.002350637162
62 -0.01786961017 -0.04897598584 0.0006158729453
63 -0.01320746433 -0.05411439227 -0.001016398971
64 -0.009740721246 -0.05882482932 -0.002306740284
65 -0.00630685391 -0.0625619359 -0.003363248145
66 -0.00314498314 -0.06548570621 -0.004252259009
67 -0.000575509298 -0.06743684802 -0.005401380623
68 0.002527534272 -0.06919579229 -0.006407242997
69 0.00537811128 -0.07092403824 -0.007317013012
70 0.008024437854 -0.07254264866 -0.008177416735
71 0.01055771366 -0.07397769581 -0.008892889388
72 0.01271469237 -0.07571282085 -0.009456757952
