1 0 0 0.000
2 0 0 0.000
3 0 0 0.000
4 0.0005705150998 -0.0005095591692 4.596074186e-05
5 0.00162870833 -0.001469478534 0.0001058189797
6 0.002457156012 -0.002516908991 0.0001787574485
7 0.003202184657 -0.003580832489 0.0003615743093
8 0.004199567606 -0.004471981974 0.0001649245271
9 0.005142735409 -0.005296790924 6.481494174e-05
10 0.005857676215 -0.006013296136 0.0001368923512
11 0.006541808181 -0.006658623299 0.0001620843176
12 0.007302853288 -0.007250907982 0.0002601870857
13 0.007857580073 -0.007809252994 0.0003416228613
14 0.008429166727 -0.00816103771 0.000112470362
15 0.009093378235 -0.008489035528 0.0002044077093
16 0.009670883661 -0.008800123717 0.0002725202303
17 0.01010514671 -0.009074225889 0.0002415957286
18 0.01051746322 -0.009376281012 0.0001409345318
19 0.01095333747 -0.00962821022 0.000195098287
20 0.01142784831 -0.009814790248 0.0002690469338
21 0.01282263381 -0.01028249285 0.0001848402278
22 0.01334346183 -0.01058014898 0.0002699769944
23 0.01380769698 -0.01086060622 0.0003262090472
24 0.01422040416 -0.01105689199 0.0003120024628
25 0.014574708 -0.01126067017 0.0001945941837
26 0.01495156818 -0.01149415943 0.0002340195512
27 0.0153437368 -0.01176068612 0.0002077282514
28 0.01600332985 -0.01206240454 0.0002572995526
29 0.01736459466 -0.0125200281 0.0002081144637
30 0.01859334227 -0.01307193454 0.0001965201222
31 0.01975386358 -0.01410278186 -2.697595271e-05
32 0.02102972961 -0.01461282571 5.825693556e-05
33 0.02239950639 -0.01499835115 0.0001208602201
34 0.02377650492 -0.01533715477 0.0001670233077
35 0.02537557056 -0.01582128817 0.000154670909
36 0.02691696587 -0.01633360132 0.0001419282088
37 0.02860320833 -0.01681839241 0.0001780434485
38 0.03049511781 -0.01750123545 0.0001906271815
39 0.03244031825 -0.01775077785 0.000218672446
40 0.03459870811 -0.01789448811 0.0002014086475
41 0.0368374044 -0.0183290499 0.0002288504425
42 0.03912876751 -0.01810233311 0.0002188423609
43 0.04184302945 -0.01850113678 0.000190844061
44 0.04631386244 -0.02082852072 -0.0003574633911
45 0.04935384355 -0.020535207 -0.0001932050843
46 0.05213628124 -0.01957526397 -0.0001256174209
47 0.05472013445 -0.01784438953 -3.643583464e-05
48 0.05799411143 -0.01637206262 -0.0008160134578
49 0.059547836 -0.01338750153 -0.0005225867127
50 0.06080354157 -0.0100100978 -0.0002974695448
51 0.06204425384 -0.006880299 -0.0001706480777
52 0.06277164232 -0.003295975944 -8.846220362e-05
53 0.06339821716 0.0002916844097 -1.765097056e-05
54 0.06265144404 0.00452325962 1.122443894e-05
55 0.06230834029 0.008288900677 6.777972637e-05
56 0.06240518637 0.01186962633 0.0001204560535
57 0.0616025252 0.01575722479 0.0001741608744
58 0.06125915516 0.01917845041 0.00019184429
59 0.0609191529 0.02220084613 0.0002109579002
60 0.06058174276 0.02502501979 0.000230641722
61 0.06024829272 0.02755486356 0.0002527913889
62 0.05991703278 0.02998781054 0.0002747093421
