1 0 0 0.0001
2 0 0 0.0001
3 0 0 0.0001
4 0 0 0.0001
5 0 0 0.0001
6 0 0 0.0001
7 0 0 0.0001
8 0 0 0.0001
9 0 0 0.0001
10 0 0 0.0001
11 0 0 0.0001
12 0 0 0.0001
13 0 0 0.0001
14 0 0 0.0001
15 0 0 0.0001
16 0 0 0.0001
17 0 0 0.0001
18 0 0 0.0001
19 0 0 0.0001
20 0 0 0.0001
21 0 0 0.0001
22 0 0 0.0001
23 0 0 0.0001
24 7.317067924e-05 -3.899664949e-05 0.0001018741128
25 0.0002565068275 -0.0001380362638 -1.937760429e-05
26 0.0005513922922 -0.0003284276223 -0.0001338336841
27 0.0009536910261 -0.0005966881636 -0.000232274917
28 0.001309270589 -0.0009254920484 -0.0001779543989
29 0.001793876183 -0.001243633394 -0.0001604758913
30 0.00235470221 -0.001492841734 -0.0002244374792
31 0.002761412903 -0.001702102203 -0.0003648298659
32 0.004018349622 -0.002626630227 -0.0007163493575
33 0.005568987116 -0.003878612998 -0.001159647814
34 0.006541481848 -0.004710019007 -0.001203754352
35 0.007478593469 -0.00520390991 -0.001506391452
36 0.008112989137 -0.005509934873 -0.001845436845
37 0.008588148189 -0.005782183093 -0.001968085357
38 0.008943565934 -0.005944740864 -0.002051696608
39 0.009253736387 -0.006070388853 -0.002056447138
40 0.00951210095 -0.006127577323 -0.002032387654
41 0.009624220056 -0.006140026967 -0.002060970512
42 0.00974980829 -0.006146824097 -0.002069756493
43 0.009901684386 -0.006159018867 -0.002128228391
44 0.01005273919 -0.006170842907 -0.002196062606
45 0.01034697214 -0.006146714627 -0.002198534675
46 0.01050947292 -0.006152228863 -0.002274529557
47 0.01065575729 -0.006140019539 -0.002338891307
48 0.01086342142 -0.006093484258 -0.00235502158
49 0.01094684166 -0.006074299107 -0.002424245118
50 0.01101580466 -0.006043470882 -0.002448460534
51 0.01107785623 -0.006002344761 -0.00247399038
52 0.01112600126 -0.005945816317 -0.002518194388
53 0.01114940897 -0.005890278289 -0.002517239954
54 0.01115529295 -0.00581610871 -0.002543430634
55 0.01114749185 -0.005727906319 -0.002535262146
56 0.01110605586 -0.005578176489 -0.002531707857
57 0.0110540468 -0.005450152364 -0.002599161478
58 0.01091651471 -0.005164234934 -0.002529958501
59 0.01071153018 -0.004828050125 -0.002492774602
60 0.01035188287 -0.002602984489 -0.002992262016
61 0.008891513283 0.004139091951 -0.00421551355
62 0.002790248026 0.01386214523 -0.00537240559
63 -0.0009093991429 0.02353011432 -0.004400163146
64 -0.003473594732 0.03080638684 -0.003845565091
65 -0.00489805822 0.03841220891 -0.002973391738
66 -0.006450337855 0.04754618201 -0.002348384546
67 -0.006650220193 0.05378860297 -0.001614562319
68 -0.006570808284 0.05943038597 -0.0008873222934
69 -0.005371742924 0.0646128 0.0003465127313
70 -0.002846948493 0.06841583651 0.002156840579
71 0.000757271718 0.0707677543 0.00436935924
72 0.004509680235 0.07173938075 0.006510678057
73 0.007632986151 0.07238084962 0.008303941338
